 5.957417E+004    0.000000E+000   
 1.733523E+002    3.571017E-003   
 4.042532E+002    8.187976E-003   
 3.351418E+002    1.000000E-002   
 3.601246E+002    1.357143E-002   
 3.950643E+002    1.785714E-002   
 3.585676E+002    2.000000E-002   
 3.740038E+002    2.214286E-002   
 3.076098E+002    3.000000E-002   
 8.392089E+002    4.000000E-002   
 1.402383E+003    5.000000E-002   
 1.088775E+003    5.183333E-002   
 4.962342E+001    6.000000E-002   
 4.670786E+001    6.000000E-002   
 6.711136E+002    6.525881E-002   
 2.608828E+003    6.776246E-002   
 3.389730E+002    7.000000E-002   
 1.228793E+003    7.263427E-002   
 6.043763E+002    7.954038E-002   
 1.059753E+003    8.000000E-002   
 4.711332E+003    8.431273E-002   
 1.041142E+003    8.871749E-002   
 3.580712E+002    9.000000E-002   
 7.028910E+001    9.430769E-002   
 9.246816E+001    1.000000E-001   
 2.673618E+003    1.082359E-001   
 1.432060E+003    1.100000E-001   
 1.386470E+003    1.109091E-001   
 2.448466E+003    1.200000E-001   
 2.448232E+003    1.200000E-001   
 2.110868E+003    1.229289E-001   
 8.618922E+002    1.269743E-001   
 4.500311E+002    1.300000E-001   
 7.253467E+002    1.352083E-001   
 6.293352E+003    1.396149E-001   
 5.611392E+003    1.400000E-001   
 9.287302E+002    1.500000E-001   
 9.306139E+002    1.500000E-001   
 9.287831E+002    1.546786E-001   
 3.756107E+003    1.600000E-001   
 3.738067E+003    1.634091E-001   
 1.373107E+003    1.673285E-001   
 4.670706E+002    1.700000E-001   
 2.951644E+003    1.794444E-001   
 2.578282E+003    1.800000E-001   
 2.912559E+003    1.900000E-001   
 1.749377E+003    2.000000E-001   
 1.749058E+003    2.000000E-001   
 6.138731E+003    2.100000E-001   
 1.073621E+003    2.125781E-001   
 4.366438E+003    2.200000E-001   
 4.291655E+003    2.300000E-001   
 4.293687E+003    2.300000E-001   
 9.011849E+003    2.341667E-001   
 5.495688E+003    2.400000E-001   
 4.164117E+003    2.403125E-001   
 3.974029E+003    2.444792E-001   
 5.068483E+003    2.500000E-001   
 5.083607E+003    2.500000E-001   
 3.777494E+003    2.556071E-001   
 3.231989E+003    2.600000E-001   
 3.662770E+003    2.642857E-001   
 3.349787E+003    2.692857E-001   
 3.389263E+003    2.700000E-001   
 6.306065E+003    2.735714E-001   
 3.027612E+003    2.800000E-001   
 1.884899E+003    2.829861E-001   
 9.239010E+002    2.861271E-001   
 1.469853E+003    2.891691E-001   
 1.523000E+003    2.900000E-001   
 1.321725E+003    2.972059E-001   
 1.369875E+003    3.000000E-001   
 1.075654E+003    3.044444E-001   
 1.546649E+003    3.100000E-001   
 1.546566E+003    3.100000E-001   
 7.674288E+002    3.130952E-001   
 3.133499E+002    3.196429E-001   
 6.573248E+002    3.200000E-001   
 2.242859E+002    3.232143E-001   
 2.157524E+002    3.300000E-001   
 2.158330E+002    3.300000E-001   
 3.841332E+001    3.352679E-001   
 8.118597E+002    3.385714E-001   
 1.706417E+003    3.400000E-001   
 3.510415E+003    3.427922E-001   
 1.023294E+003    3.500000E-001   
 1.263541E+003    3.600000E-001   
 4.306403E+002    3.628333E-001   
 4.285219E+002    3.700000E-001   
 3.414996E+002    3.725000E-001   
 7.381502E+001    3.800000E-001   
 4.658408E+001    3.828869E-001   
 3.615428E+001    3.900000E-001   
 3.421573E+001    3.900000E-001   
 4.638712E+002    3.935417E-001   
 2.249893E+003    3.969753E-001   
 5.196605E+003    4.000000E-001   
 5.243039E+003    4.000000E-001   
 4.751193E+003    4.036528E-001   
 4.591182E+003    4.100000E-001   
 4.650970E+003    4.169271E-001   
 4.562266E+003    4.200000E-001   
 4.590527E+003    4.246611E-001   
 4.655124E+003    4.300000E-001   
 4.648566E+003    4.329630E-001   
 4.688215E+003    4.374074E-001   
 4.675681E+003    4.400000E-001   
 4.703364E+003    4.420770E-001   
 4.410239E+003    4.484525E-001   
 4.798194E+003    4.500000E-001   
 4.777950E+003    4.522222E-001   
 4.953557E+003    4.600000E-001   
 4.697191E+003    4.611111E-001   
 4.489095E+003    4.659989E-001   
 4.457993E+003    4.700000E-001   
 4.446741E+003    4.800000E-001   
 4.803049E+003    4.817619E-001   
 4.683866E+003    4.900000E-001   
 4.739822E+003    4.911111E-001   
 4.645575E+003    4.948909E-001   
 4.722749E+003    5.000000E-001   
 4.788071E+003    5.053532E-001   
 4.724234E+003    5.100000E-001   
 4.702770E+003    5.122381E-001   
 4.698050E+003    5.156294E-001   
 4.898726E+003    5.187101E-001   
 4.677126E+003    5.200000E-001   
 4.774594E+003    5.295238E-001   
 4.805013E+003    5.300000E-001   
 4.646238E+003    5.400000E-001   
 4.640897E+003    5.409524E-001   
 4.816142E+003    5.453436E-001   
 4.697591E+003    5.500000E-001   
 4.750203E+003    5.519286E-001   
 4.612369E+003    5.580529E-001   
 4.566049E+003    5.600000E-001   
 4.724893E+003    5.614815E-001   
 4.705041E+003    5.700000E-001   
 4.685261E+003    5.713889E-001   
 4.543859E+003    5.800000E-001   
 4.649907E+003    5.853760E-001   
 4.457927E+003    5.900000E-001   
 4.805412E+003    5.945833E-001   
 4.730841E+003    6.000000E-001   
 4.625189E+003    6.004762E-001   
 4.863521E+003    6.100000E-001   
 4.718854E+003    6.134455E-001   
 4.803757E+003    6.200000E-001   
 4.740729E+003    6.241305E-001   
 4.764337E+003    6.300000E-001   
 4.767172E+003    6.337698E-001   
 4.629012E+003    6.387649E-001   
 4.748428E+003    6.400000E-001   
 4.616529E+003    6.500000E-001   
 4.780206E+003    6.551504E-001   
 4.689164E+003    6.600000E-001   
 4.707916E+003    6.665476E-001   
 4.755941E+003    6.700000E-001   
 4.563599E+003    6.765743E-001   
 4.659911E+003    6.800000E-001   
 4.606405E+003    6.820078E-001   
 4.703717E+003    6.887577E-001   
 4.749163E+003    6.900000E-001   
 4.776255E+003    6.969206E-001   
 4.693017E+003    7.000000E-001   
 5.171660E+003    7.100000E-001   
 5.151102E+003    7.200000E-001   
 5.143561E+003    7.222222E-001   
 4.316282E+003    7.300000E-001   
 5.166303E+003    7.400000E-001   
 4.317088E+003    7.403704E-001   
 5.244684E+003    7.438319E-001   
 5.280550E+003    7.476781E-001   
 5.287971E+003    7.500000E-001   
 5.430910E+003    7.600000E-001   
 5.729985E+003    7.692308E-001   
 5.729503E+003    7.700000E-001   
 4.269761E+003    7.726923E-001   
 4.931046E+003    7.797436E-001   
 2.949148E+003    7.800000E-001   
 5.741803E+003    7.862170E-001   
 3.227207E+003    7.900000E-001   
 5.297249E+003    8.000000E-001   
 5.294086E+003    8.000000E-001   
 4.718726E+003    8.100000E-001   
 3.660220E+003    8.200000E-001   
 4.917090E+003    8.300000E-001   
 3.622558E+003    8.400000E-001   
 5.924646E+003    8.500000E-001   
 5.901211E+003    8.500000E-001   
 4.023302E+003    8.600000E-001   
 4.030867E+003    8.600000E-001   
 3.668699E+003    8.700000E-001   
 4.602429E+003    8.800000E-001   
 3.980647E+003    8.900000E-001   
 4.877943E+003    9.000000E-001   
 3.769453E+003    9.100000E-001   
 4.492602E+003    9.200000E-001   
 4.240065E+003    9.300000E-001   
 4.649474E+003    9.400000E-001   
 4.700137E+003    9.500000E-001   
 4.344743E+003    9.600000E-001   
 4.343153E+003    9.700000E-001   
 4.258895E+003    9.800000E-001   
 4.880784E+003    9.900000E-001   
 4.752731E+003    1.000000E+000   
 1.499726E+003    1.007647E+000   
 6.063406E+002    1.010000E+000   
 4.408506E+002    1.020000E+000   
 1.916119E+002    1.021538E+000   
 7.031820E+001    1.026154E+000   
 3.364649E+002    1.030000E+000   
 1.008699E+002    1.031818E+000   
 2.949481E+003    1.036054E+000   
 2.913154E+002    1.040000E+000   
 1.697209E+002    1.041429E+000   
 1.115933E+003    1.044643E+000   
 1.748250E+003    1.050000E+000   
 1.750765E+003    1.050000E+000   
 1.321457E+003    1.053333E+000   
 1.611998E+003    1.056741E+000   
 1.550755E+003    1.060000E+000   
 1.786080E+003    1.061538E+000   
 1.716211E+003    1.070000E+000   
 1.814249E+003    1.080000E+000   
 1.970454E+003    1.083571E+000   
 2.009327E+003    1.090000E+000   
 1.965584E+003    1.100000E+000   
 1.975664E+003    1.101429E+000   
 1.938185E+003    1.105000E+000   
 2.055282E+003    1.110000E+000   
 2.094022E+003    1.115714E+000   
 2.119884E+003    1.120000E+000   
 2.292315E+003    1.129643E+000   
 2.161054E+003    1.130000E+000   
 2.192988E+003    1.132893E+000   
 2.213773E+003    1.137179E+000   
 2.240160E+003    1.140000E+000   
 2.284908E+003    1.142143E+000   
 2.277114E+003    1.150000E+000   
 2.127980E+003    1.151818E+000   
 3.012546E+003    1.158168E+000   
 3.015192E+003    1.160000E+000   
 3.290665E+003    1.167126E+000   
 3.789950E+003    1.170000E+000   
 3.543627E+003    1.174129E+000   
 3.447694E+003    1.179462E+000   
 2.969691E+003    1.180000E+000   
 3.200454E+003    1.186220E+000   
 3.458363E+003    1.190000E+000   
 3.453421E+003    1.190000E+000   
 3.251347E+003    1.192711E+000   
 3.336719E+003    1.200000E+000   
 3.331634E+003    1.200000E+000   
 3.080137E+003    1.210000E+000   
 3.203810E+003    1.210179E+000   
 3.261881E+003    1.220000E+000   
 3.808209E+003    1.230000E+000   
 3.811995E+003    1.230000E+000   
 2.764078E+003    1.235476E+000   
 3.359332E+003    1.240000E+000   
 3.359015E+003    1.240000E+000   
 5.481263E+003    1.250000E+000   
 5.490839E+003    1.250000E+000   
 6.552981E+003    1.255536E+000   
 4.963941E+003    1.259107E+000   
 4.977304E+003    1.260000E+000   
 4.759970E+003    1.269100E+000   
 4.884103E+003    1.270000E+000   
 4.117008E+003    1.279481E+000   
 4.865751E+003    1.280000E+000   
 3.617560E+003    1.283571E+000   
 3.279325E+003    1.287669E+000   
 3.870092E+003    1.290000E+000   
 4.290443E+003    1.293556E+000   
 3.413163E+003    1.297921E+000   
 3.839177E+003    1.300000E+000   
 3.682479E+003    1.303786E+000   
 3.875747E+003    1.309234E+000   
 3.873198E+003    1.310000E+000   
 3.988020E+003    1.313077E+000   
 4.196265E+003    1.316154E+000   
 4.011407E+003    1.320000E+000   
 6.546889E+003    1.328955E+000   
 7.045254E+003    1.330000E+000   
 7.260700E+003    1.338429E+000   
 6.862288E+003    1.340000E+000   
 5.115868E+003    1.350000E+000   
 5.121041E+003    1.350000E+000   
 4.691455E+003    1.360000E+000   
 4.689469E+003    1.360000E+000   
 5.455217E+003    1.370000E+000   
 4.837931E+003    1.374224E+000   
 4.349049E+003    1.380000E+000   
 4.119979E+003    1.382778E+000   
 4.994627E+003    1.387937E+000   
 3.456420E+003    1.390000E+000   
 3.809629E+003    1.400000E+000   
 4.125134E+003    1.400909E+000   
 3.936002E+003    1.408543E+000   
 4.278928E+003    1.410000E+000   
 4.419623E+003    1.416000E+000   
 4.265961E+003    1.420000E+000   
 5.482900E+003    1.424250E+000   
 3.558701E+003    1.430000E+000   
 3.424797E+003    1.430357E+000   
 4.006093E+003    1.437615E+000   
 4.554039E+003    1.440000E+000   
 4.412365E+003    1.445682E+000   
 3.750446E+003    1.449448E+000   
 4.128247E+003    1.450000E+000   
 4.928511E+003    1.455913E+000   
 4.573206E+003    1.460000E+000   
 4.569286E+003    1.460000E+000   
 3.634854E+003    1.470000E+000   
 3.631094E+003    1.470000E+000   
 3.846135E+003    1.472778E+000   
 5.377321E+003    1.480000E+000   
 3.862007E+003    1.490000E+000   
 4.020323E+003    1.493690E+000   
 6.620919E+003    1.500000E+000   
 4.154254E+003    1.507000E+000   
 3.865288E+003    1.510000E+000   
 4.331212E+003    1.510909E+000   
 3.674406E+003    1.513724E+000   
 4.345522E+003    1.520000E+000   
 3.418348E+003    1.530000E+000   
 3.458961E+003    1.540000E+000   
 4.344765E+003    1.541429E+000   
 2.442410E+003    1.550000E+000   
 4.690553E+003    1.559318E+000   
 4.286002E+003    1.560000E+000   
 4.294246E+003    1.570000E+000   
 4.547518E+003    1.571250E+000   
 3.660165E+003    1.574977E+000   
 3.567731E+003    1.580000E+000   
 1.155701E+004    1.582083E+000   
 9.112729E+003    1.590000E+000   
 2.141256E+003    1.599615E+000   
 2.283171E+003    1.600000E+000   
 4.984603E+003    1.604722E+000   
 5.475915E+003    1.607652E+000   
 5.199106E+003    1.610000E+000   
 4.078965E+003    1.611818E+000   
 4.542834E+003    1.620000E+000   
 4.787517E+003    1.622083E+000   
 4.556269E+003    1.628409E+000   
 4.471603E+003    1.630000E+000   
 3.961677E+003    1.633818E+000   
 4.191433E+003    1.640000E+000   
 2.614780E+003    1.641000E+000   
 3.417308E+003    1.646000E+000   
 3.420081E+003    1.649000E+000   
 3.384513E+003    1.650000E+000   
 5.289338E+003    1.657000E+000   
 6.303848E+003    1.660000E+000   
 4.607793E+003    1.670000E+000   
 2.921264E+003    1.671920E+000   
 3.133353E+003    1.675166E+000   
 3.091645E+003    1.680000E+000   
 3.249886E+003    1.681429E+000   
 2.879850E+003    1.690000E+000   
 3.022915E+003    1.700000E+000   
 3.020652E+003    1.700000E+000   
 4.680737E+003    1.710000E+000   
 4.474296E+003    1.711429E+000   
 4.255560E+003    1.716637E+000   
 3.033466E+003    1.720000E+000   
 3.026070E+003    1.720000E+000   
 3.932362E+003    1.730000E+000   
 3.933258E+003    1.730000E+000   
 3.918283E+003    1.737697E+000   
 2.826481E+003    1.740000E+000   
 2.825222E+003    1.740526E+000   
 3.065424E+003    1.750000E+000   
 2.201274E+003    1.760000E+000   
 3.134300E+003    1.770000E+000   
 3.134998E+003    1.770000E+000   
 2.878883E+003    1.780000E+000   
 2.215223E+003    1.787282E+000   
 2.663479E+003    1.790000E+000   
 4.195014E+003    1.794615E+000   
 2.768249E+003    1.800000E+000   
 2.628889E+003    1.810000E+000   
 2.628894E+003    1.810000E+000   
 3.121232E+003    1.816576E+000   
 2.652288E+003    1.820000E+000   
 2.768897E+003    1.830000E+000   
 3.765822E+003    1.835628E+000   
 2.545655E+003    1.838397E+000   
 2.489527E+003    1.840000E+000   
 2.979120E+003    1.850000E+000   
 2.986049E+003    1.850000E+000   
 1.128663E+003    1.860000E+000   
 2.990682E+003    1.860969E+000   
 2.826245E+003    1.870000E+000   
 1.551070E+003    1.880000E+000   
 1.554525E+003    1.880000E+000   
 2.051599E+003    1.883571E+000   
 1.817263E+003    1.890000E+000   
 1.832963E+003    1.890000E+000   
 2.412668E+003    1.900000E+000   
 3.466203E+003    1.910000E+000   
 4.018795E+003    1.918561E+000   
 1.913877E+003    1.920000E+000   
 2.331009E+003    1.927315E+000   
 1.998132E+003    1.930000E+000   
 2.233274E+003    1.940000E+000   
 2.028135E+003    1.941429E+000   
 1.910559E+003    1.948238E+000   
 1.879566E+003    1.950000E+000   
 1.874814E+003    1.951111E+000   
 1.823434E+003    1.960000E+000   
 1.823412E+003    1.960000E+000   
 1.798644E+003    1.969285E+000   
 1.702748E+003    1.970000E+000   
 1.727992E+003    1.972308E+000   
 1.760271E+003    1.980000E+000   
 1.682156E+003    1.984095E+000   
 1.869131E+003    1.990000E+000   
 1.449293E+003    1.991538E+000   
 1.580685E+003    1.994663E+000   
 1.562022E+003    2.000000E+000   
 1.600297E+003    2.002500E+000   
 1.575224E+003    2.010000E+000   
 1.703084E+003    2.016282E+000   
 1.379962E+003    2.020000E+000   
 1.665887E+003    2.021667E+000   
 1.629192E+003    2.024444E+000   
 1.646924E+003    2.030000E+000   
 2.723433E+003    2.034286E+000   
 1.635442E+003    2.040000E+000   
 1.635421E+003    2.040000E+000   
 2.086410E+003    2.050000E+000   
